Table: fish
('893702886003974165', 0, 0, 1, 0, 0, 0, 0, 0, 0, 0, 0)
('918997409655316550', 2, 0, 0, 0, 0, 0, 0, 0, 0, 0, 0)
('807947010861826058', 4, 0, -1, 0, 0, 0, 0, 0, 0, 0, 0)
('394594679221518336', 0, 0, 0, 0, 0, 0, 0, 0, 0, 0, 0)

Table: loot
('893702886003974165', 4, 2, 6, 2, 0)
('918997409655316550', 0, 0, 0, 0, 0)
('807947010861826058', 1, 0, 0, 0, 0)
('394594679221518336', 0, 0, 0, 0, 0)

Table: mining
('893702886003974165', 0, 3, 1, 1, 0, 0)
('918997409655316550', 0, 0, 0, 0, 0, 0)
('807947010861826058', 0, 0, 0, 0, 0, 0)

Table: player
('918997409655316550', 1990, 0, 36, 0, 'en')
('807947010861826058', 1501, 0, 15, 0, 'en')
('893702886003974165', 0, 0, 10, 0, 'en')
('394594679221518336', 1123, 0, 8, 0, 'en')

